500039060000000090000508200605800300090010020008003506009706000020000000050980007
129006030000000060006080100070029000001070900000510020004090800080000000030100259
080090500005008700037540006070050200000030000004070010300087120008400900009020050
000013060047000850061000000400720000000000000000085003000000720094000130070860000
100000009060003400020090087000510603000000000307029000270050010008400070500000004
000002081006300400090040006007010603100000005904050200300090050001003800420500000
004000009200097100060500400050003002008605700300100050003004090002360004700000300
050100009020607080000000150030400000005792400000005070084000000010306040900008020
500000000364001020000000300905047006700105009100980503007000000080200137000000008
729400018030090000416300000080600000200000004000001080000005641000060050360004827
000000004005104000600920001500036408106080209804790005900078006000602300300000000
000230608000001300200000095000002501003000700509400000450000007002700000801054000
100900802009700004000038000015000000007020500000000720000870000500006400804001006
032040000100060000700809000010003008950080013800600020000504006000030001000020380
107000030000085060480300000000013000051000280000570000000007059090240000030000406
380010405000060300000003000060007901050000070102900030000200000001070000907080016
001508307000090020000000804004870062000000000250016400408000000030040000906703500
000030010600100703200840500150000200020090030007000056009075008302008001070060000
000000502500008690000304078410030007000701000700040013250103000041600005803000000
005420000100300000208070300380040100010060020002010034007030208000009006000082900
000008709030900210700006340000007001004509800500300000059800004026005080803400000
140000070039000000200304106001060783000000000467090200304709001000000830090000057
060200070050000000980070000590007004426000719700400036000060082000000040030002060
000097000500060710700800000205000030980070041040000605000009007024050003000210000
006803001001200040087000000010059030000000000090130080000000170050002300300501400
060007000070010094004082000380000701000000000601000043000250300520030060000900010
380020070760010000092007001000008200100000003003100000500400160000050970010090032
005001020037002084008900000002040000050108040000090300000003100670800230080600400
500100080000030000980000102620070004300200001100080097401000025000090000050007003
701360950080010000500000000604000001009020800100000602000000009000030010013089704
000000083000400607400800009800206900003918700004703008900001004308002000720000000
017000400002340000030000080001009002200731004600400100050000010000057600004000820
540030000080400000900620004490082000050000030000360025300960002000005070000070098
041008600050007082000005000007603008030000020100502400000800000410700090008100340
350000090000002700700500006070050600000108000008060050100007002002900000090000034
000400530000000028540012600104000006060090070300000802007230065210000000053004000